2012,01,12,0,8.80,0,0,0,0,20.80
2012,02,9,0,2.30,2.30,0,0,0,13.60
2012,03,5,2,5,0,2.50,0,2.50,17
2012,04,11,3,2.20,3,0,0,0,17
2012,05,6,0,4,0,0,0,0,10
2012,06,15,0,3,0,0,0,0,18
2012,07,26.31,1.75,3.51,1.75,0,0,0,33.33
2012,8,34.67,1.33,1.33,0,1.33,0,1.33,39.99
2012,9,28.71,0,2.97,0.99,0.99,0,3.96,37.62
2012,10,38.77,3.06,0,0,2.04,0,7.14,51.02
2012,11,35.56,2.22,2.22,0,0,0,7.78,47.78
2012,12,50,3.23,1.61,0,0,0,4.84,59.68
2012,13,39.31,0,0,0,0,0,2.76,42.06
2012,14,43,2,5.90,0,1,0,0,51.90
2012,15,48.72,0,0,0,0,0,10.26,58.97
2012,16,45.06,1.23,1.23,0,0.62,0,1.85,50.00
2012,17,41.74,0,6.9,0,0,0,3.48,51.30
2012,18,45.71,2.86,4.29,0,0,0,1.43,54.29
2012,19,37.50,2.8,0,0,0,0,6.25,45.83
2012,20,32.21,0,4.03,0,1.34,0,2.01,39.60
2012,21,37.84,0,0,0,0,0,0,37.84
2012,22,35.38,0,6.15,0,0,0,0,41.54
2012,23,38,0,11,0,0,0,3,52
2012,24,13,3.80,1.30,0,0,0,2.60,20.70
2012,25,23,0,3.50,1.80,0,3.50,0,31.80
2012,26,23,3.60,7.10,1.80,0,0,0,35.50
2012,27,10,5,3.30,1.70,0,0,0,20
2012,28,8,7.70,2.60,0,0,2.60,5.10,26
2012,29,4,2.20,0,0,0,0,2.20,8.40
2012,30,5,2.40,2.40,0,0,0,2.40,12.20
2012,31,2,3.80,0,0,3.80,0,0,9.60
2012,32,9,3.70,0,0,1.90,0,0,14.60
2012,33,0,8,0,4,4,0,0,16
2012,34,0,2.40,0,0,0,0,0,2.40
2012,35,0,0,0,0,0,0,0,0
2012,36,2,5.30,1.80,0,0,0,1.80,10.90
2012,37,5,0,0,0,0,0,0,5
2012,38,5,0,0,0,1.80,0,3.60,10.40
2012,39,4,0,0,0,0,0,0,4
2012,40,0,4.30,0,2.10,4.30,0,2.10,12.80
2012,41,4,2,0,0,0,0,2,8
2012,42,0,0,0,0,5,0,5,10
2012,43,0,2.80,5.60,2.80,0,0,0,11.20
2012,44,0,3.60,0,3.60,0,0,0,7.20
2012,45,17,0,0,0,0,0,0,17
2012,46,6,5.90,0,5.90,5.90,0,0,23.70
2012,47,0,0,0,0,0,0,7.10,7.10
2012,48,5,5.30,0,0,0,0,0,10.30
2012,49,0,0,7.70,0,0,7.70,0,15.40
2012,50,25,0,0,0,12.50,0,0,37.50
2012,51,19,4.80,9.50,0,0,0,0,33.30
2012,52,27,0,13.30,0,0,0,0,40.30
2012,01,6.70,0,3.30,0,6.70,0,0,16.70
2013,02,9.10,4.50,4.50,0,9.10,0,0,27.20
2013,03,13,8.70,30.40,0,4.30,0,0,56.40
2013,04,18.80,0,6.30,0,0,0,0,25.10
2013,05,5.90,0,0,0,11.80,0,0,17.70
2013,06,7.10,0,7.10,0,7.10,0,0,21.30
2013,07,21.90,3.10,6.30,0,3.10,0,0,34.40
2013,8,18.80,3.10,3.10,0,6.30,0,0,31.30
2013,9,14.30,0,5.70,0,8.60,0,0,28.60
2013,10,17.40,13,8.70,0,8.70,0,0,47.80
2013,11,31.60,7.90,15.80,0,5.30,0,0,60.60
2013,12,32.40,2.70,18.90,0,2.70,0,0,56.70
2013,13,38.90,11.10,33.30,0,0,0,0,83.30
2013,14,39,0,26.80,0,12.20,0,0,78
2013,15,56,2,26,0,4,0,0,88
2013,16,33.30,0,24.60,0,4.30,0,0,62.20
2013,17,39.10,1.40,23.20,0,4.30,0,0,68
2013,18,50,5.20,22.40,0,8.60,0,0,86.20
2013,19,39.30,7.10,19.60,0,5.40,0,0,71.40
2013,20,37.10,2.20,24.70,0,5.60,0,0,69.60
2013,21,26.10,5.70,15.90,1.10,4.50,0,0,53.30
2013,22,24,5.20,10.40,0,7.30,0,0,46.90
2013,23,26.70,4.70,19.80,0,4.70,0,0,55.90
2013,24,30.20,3.20,28.60,0,4.80,0,0,66.80
2013,25,39,1.70,16.90,0,0,0,0,57.60
2013,26,25.90,0,14.80,0,14.80,0,0,55.50
2013,27,23.10,0,28.20,0,2.60,0,0,53.90
2013,28,21.90,0,18.80,0,0,0,0,40.70
2013,29,5.60,5.60,7.40,0,0,0,0,18.60
2013,30,5.50,0,7.30,0,0,0,0,21.90
2013,31,4.60,0,3.10,0,0,0,0,15.40
2013,32,5.90,1.50,4.40,0,0,0,0,20.60
2013,33,13.50,5.40,0,0,0,0,0,18.90
2013,34,11.10,5.60,8.30,0,0,0,0,25
2013,34,9.10,2.30,2.30,0,4.50,0,0,18.20
2013,36,9.70,0,0,0,0,0,0,9.70
2013,37,12.50,3.10,0,0,0,0,0,15.60
2013,38,5.60,8.30,0,0,2.80,0,0,16.70
2013,39,7.70,0,2.60,0,10.30,0,0,20.60
2013,40,5.70,2.90,0,0,2.90,0,0,11.50
2013,41,0,0,5,0,0,0,0,5
2013,42,4.70,2.30,4.70,0,2.30,0,0,14
2013,43,6.80,6.80,4.50,0,4.50,0,0,22.60
2013,44,2,9.80,0,0,5.90,0,0,17.70
2013,45,4.10,6.10,4.10,0,0,0,0,14.30
2013,46,7.30,1.80,3.60,0,7.30,0,0,20
2013,47,7.10,0,2.40,0,2.40,0,0,11.90
2013,48,10,0,0,0,0,0,0,10
2013,49,6.70,0,0,0,2,0,0,8.70
2013,50,5.70,0,5.70,0,0,0,0,11.40
2013,51,13,4.30,0,0,4.30,0,0,21.60
2013,52,5.90,5.90,0,0,0,0,0,11.80
2013,01,8.90,2.20,4.40,2.20,0,0,0,17.70
2014,02,5.30,0,10.50,0,2.60,0,0,18.40
2014,03,0,0,3.70,0,3.70,0,0,7.40
2014,04,6.20,3.10,6.20,0,3.10,0,0,18.60
2014,05,8.80,0,5.90,0,2.90,0,0,17.60
2014,06,13.70,2,7.80,0,2,0,0,25.50
2014,07,4.40,0,2.20,2.20,0,0,0,8.80
2014,8,12.10,0,10.30,0,6.90,0,0,29.30
2014,9,15.30,0,11.90,0,3.40,0,0,30.60
2014,10,10.90,0,12.70,0,7.30,0,0,30.90
2014,11,17.40,0,10.10,0,2.80,0,0,30.30
2014,12,20.40,0,18.40,0,2,0,0,40.80
2014,13,11.40,0,17.10,0,4.30,0,0,32.80
2014,14,9.80,0,13.40,0,2.40,0,0,25.60
