Year,Semana	Virus Sincitial Respiratorio - VSR	Adenovirus - ADNV	Influenza A - IA	Influenza B - IB	Parainfluenza I - PI1	Parainfluenza II - PI2	Parainfluenza III - PI3	Circulacion Virus Respiratorios CIVIRE (% por especie viral/Semana)	
2012 - 01	12	 	8,80	 	 	 	 	20,80
2012 - 02	9	 	2,30	2,30	 	 	 	13,60
2012 - 03	5	2	5	 	2,50	 	2,50	17
2012 - 04	11	3	2,20	3	 	 	 	17
2012 - 05	6	 	4	 	 	 	 	10
2012 - 06	15	 	3	 	 	 	 	18
2012 - 07	26,31	1,75	3,51	1,75	 	 	 	33,33
2012 - 08	34,67	1,33	1,33	 	1,33	 	1,33	39,99
2012 - 09	28,71	 	2,97	0,99	0,99	 	3,96	37,62
2012 - 10	38,77	3,06	 	 	2,04	 	7,14	51,02
2012 - 11	35,56	2,22	2,22	 	 	 	7,78	47,78
2012 - 12	50	3,23	1,61	 	 	 	4,84	59,68
2012 - 13	39,31	 	 	 	 	 	2,76	42,06
2012 - 14	43	2	5,90	 	1	 	 	51,90
2012 - 15	48,72	 	 	 	 	 	10,26	58,97
2012 - 16	45,06	1,23	1,23	 	0,62	 	1,85	50,00
2012 - 17	41,74	 	6,09	 	 	 	3,48	51,30
2012 - 18	45,71	2,86	4,29	 	 	 	1,43	54,29
2012 - 19	37,50	2,08	 	 	 	 	6,25	45,83
2012 - 20	32,21	 	4,03	 	1,34	 	2,01	39,60
2012 - 21	37,84	 	 	 	 	 	 	37,84
2012 - 22	35,38	 	6,15	 	 	 	 	41,54
2012 - 23	38	 	11	 	 	 	3	52
2012 - 24	13	3,80	1,30	 	 	 	2,60	20,70
2012 - 25	23	 	3,50	1,80	 	3,50	 	31,80
2012 - 26	23	3,60	7,10	1,80	 	 	 	35,50
2012 - 27	10	5	3,30	1,70	 	 	 	20
2012 - 28	8	7,70	2,60	 	 	2,60	5,10	26
2012 - 29	4	2,20	 	 	 	 	2,20	8,40
2012 - 30	5	2,40	2,40	 	 	 	2,40	12,20
2012 - 31	2	3,80	 	 	3,80	 	 	9,60
2012 - 32	9	3,70	 	 	1,90	 	 	14,60
2012 - 33	 	8	 	4	4	 	 	16
2012 - 34	 	2,40	 	 	 	 	 	2,40
2012 - 35	 	 	 	 	 	 	 	0
2012 - 36	2	5,30	1,80	 	 	 	1,80	10,90
2012 - 37	5	 	 	 	 	 	 	5
2012 - 38	5	 	 	 	1,80	 	3,60	10,40
2012 - 39	4	 	 	 	 	 	 	4
2012 - 40	 	4,30	 	2,10	4,30	 	2,10	12,80
2012 - 41	4	2	 	 	 	 	2	8
2012 - 42	 	 	 	 	5	 	5	10
2012 - 43	 	2,80	5,60	2,80	 	 	 	11,20
2012 - 44	 	3,60	 	3,60	 	 	 	7,20
2012 - 45	17	 	 	 	 	 	 	17
2012 - 46	6	5,90	 	5,90	5,90	 	 	23,70
2012 - 47	 	 	 	 	 	 	7,10	7,10
2012 - 48	5	5,30	 	 	 	 	 	10,30
2012 - 49	 	 	7,70	 	 	7,70	 	15,40
2012 - 50	25	 	 	 	12,50	 	 	37,50
2012 - 51	19	4,80	9,50	 	 	 	 	33,30
2012 - 52	27	 	13,30	 	 	 	 	40,30
2012 - 01	6,70	 	3,30	 	6,70	 	 	16,70
2013 - 02	9,10	4,50	4,50	 	9,10	 	 	27,20
2013 - 03	13	8,70	30,40	 	4,30	 	 	56,40
2013 - 04	18,80	 	6,30	 	 	 	 	25,10
2013 - 05	5,90	 	 	 	11,80	 	 	17,70
2013 - 06	7,10	 	7,10	 	7,10	 	 	21,30
2013 - 07	21,90	3,10	6,30	 	3,10	 	 	34,40
2013 - 08	18,80	3,10	3,10	 	6,30	 	 	31,30
2013 - 09	14,30	 	5,70	 	8,60	 	 	28,60
2013 - 10	17,40	13	8,70	 	8,70	 	 	47,80
2013 - 11	31,60	7,90	15,80	 	5,30	 	 	60,60
2013 - 12	32,40	2,70	18,90	 	2,70	 	 	56,70
2013 - 13	38,90	11,10	33,30	 	 	 	 	83,30
2013 - 14	39	 	26,80	 	12,20	 	 	78
2013 - 15	56	2	26	 	4	 	 	88
2013 - 16	33,30	 	24,60	 	4,30	 	 	62,20
2013 - 17	39,10	1,40	23,20	 	4,30	 	 	68
2013 - 18	50	5,20	22,40	 	8,60	 	 	86,20
2013 - 19	39,30	7,10	19,60	 	5,40	 	 	71,40
2013 - 20	37,10	2,20	24,70	 	5,60	 	 	69,60
2013 - 21	26,10	5,70	15,90	1,10	4,50	 	 	53,30
2013 - 22	24	5,20	10,40	 	7,30	 	 	46,90
2013 - 23	26,70	4,70	19,80	 	4,70	 	 	55,90
2013 - 24	30,20	3,20	28,60	 	4,80	 	 	66,80
2013 - 25	39	1,70	16,90	 	 	 	 	57,60
2013 - 26	25,90	 	14,80	 	14,80	 	 	55,50
2013 - 27	23,10	 	28,20	 	2,60	 	 	53,90
2013 - 28	21,90	 	18,80	 	 	 	 	40,70
2013 - 29	5,60	5,60	7,40	 	 	 	 	18,60
2013 - 30	5,50	 	7,30	 	 	 	 	21,90
2013 - 31	4,60	 	3,10	 	 	 	 	15,40
2013 - 32	5,90	1,50	4,40	 	 	 	 	20,60
2013 - 33	13,50	5,40	 	 	 	 	 	18,90
2013 - 34	11,10	5,60	8,30	 	 	 	 	25
2013 - 34	9,10	2,30	2,30	 	4,50	 	 	18,20
2013 - 36	9,70	 	 	 	 	 	 	9,70
2013 - 37	12,50	3,10	 	 	 	 	 	15,60
2013 - 38	5,60	8,30	 	 	2,80	 	 	16,70
2013 - 39	7,70	 	2,60	 	10,30	 	 	20,60
2013 - 40	5,70	2,90	 	 	2,90	 	 	11,50
2013 - 41	 	 	5	 	 	 	 	5
2013 - 42	4,70	2,30	4,70	 	2,30	 	 	14
2013 - 43	6,80	6,80	4,50	 	4,50	 	 	22,60
2013 - 44	2	9,80	 	 	5,90	 	 	17,70
2013 - 45	4,10	6,10	4,10	 	 	 	 	14,30
2013 - 46	7,30	1,80	3,60	 	7,30	 	 	20
2013 - 47	7,10	 	2,40	 	2,40	 	 	11,90
2013 - 48	10	 	 	 	 	 	 	10
2013 - 49	6,70	 	 	 	2	 	 	8,70
2013 - 50	5,70	 	5,70	 	 	 	 	11,40
2013 - 51	13	4,30	 	 	4,30	 	 	21,60
2013 - 52	5,90	5,90	 	 	 	 	 	11,80
2013 - 01	8,90	2,20	4,40	2,20	 	 	 	17,70
2014 - 02	5,30	 	10,50	 	2,60	 	 	18,40
2014 - 03	 	 	3,70	 	3,70	 	 	7,40
2014 - 04	6,20	3,10	6,20	 	3,10	 	 	18,60
2014 - 05	8,80	 	5,90	 	2,90	 	 	17,60
2014 - 06	13,70	2	7,80	 	2	 	 	25,50
2014 - 07	4,40	 	2,20	2,20	 	 	 	8,80
2014 - 08	12,10	 	10,30	 	6,90	 	 	29,30
2014 - 09	15,30	 	11,90	 	3,40	 	 	30,60
2014 - 10	10,90	 	12,70	 	7,30	 	 	30,90
2014 - 11	17,40	 	10,10	 	2,80	 	 	30,30
2014 - 12	20,40	 	18,40	 	2	 	 	40,80
2014 - 13	11,40	 	17,10	 	4,30	 	 	32,80
2014 - 14	9,80	 	13,40	 	2,40	 	 	25,60
